% load oil price shocks
% column 1 = date
% column 2 = Hamilton price shocks
oilshocks=[
1946.250000000	0.082013152
1946.500000000	0.123308715
1946.750000000	0.078077544
1947.000000000	0.042022990
1947.250000000	0.143512282
1947.500000000	0.000000000
1947.750000000	0.068874029
1948.000000000	0.249093439
1948.250000000	0.000000000
1948.500000000	0.000000000
1948.750000000	0.000000000
1949.000000000	0.000000000
1949.250000000	0.000000000
1949.500000000	0.000000000
1949.750000000	0.000000000
1950.000000000	0.000000000
1950.250000000	0.000000000
1950.500000000	0.000000000
1950.750000000	0.000000000
1951.000000000	0.000000000
1951.250000000	0.000000000
1951.500000000	0.000000000
1951.750000000	0.000000000
1952.000000000	0.000000000
1952.250000000	0.000000000
1952.500000000	0.000000000
1952.750000000	0.000000000
1953.000000000	0.000000000
1953.250000000	0.031910812
1953.500000000	0.060920174
1953.750000000	0.000000000
1954.000000000	0.000000000
1954.250000000	0.000000000
1954.500000000	0.000000000
1954.750000000	0.000000000
1955.000000000	0.000000000
1955.250000000	0.000000000
1955.500000000	0.000000000
1955.750000000	0.000000000
1956.000000000	0.000000000
1956.250000000	0.000000000
1956.500000000	0.000000000
1956.750000000	0.000000000
1957.000000000	0.057421053
1957.250000000	0.027519623
1957.500000000	0.000000000
1957.750000000	0.000000000
1958.000000000	0.000000000
1958.250000000	0.000000000
1958.500000000	0.000000000
1958.750000000	0.000000000
1959.000000000	0.000000000
1959.250000000	0.000000000
1959.500000000	0.000000000
1959.750000000	0.000000000
1960.000000000	0.000000000
1960.250000000	0.000000000
1960.500000000	0.000000000
1960.750000000	0.000000000
1961.000000000	0.000000000
1961.250000000	0.000000000
1961.500000000	0.000000000
1961.750000000	0.000000000
1962.000000000	0.000000000
1962.250000000	0.000000000
1962.500000000	0.000000000
1962.750000000	0.000000000
1963.000000000	0.000000000
1963.250000000	0.000000000
1963.500000000	0.000000000
1963.750000000	0.000000000
1964.000000000	0.000000000
1964.250000000	0.000000000
1964.500000000	0.000000000
1964.750000000	0.000000000
1965.000000000	0.000000000
1965.250000000	0.000000000
1965.500000000	0.000000000
1965.750000000	0.000000000
1966.000000000	0.000000000
1966.250000000	0.000000000
1966.500000000	0.005691535
1966.750000000	0.011286802
1967.000000000	0.006711435
1967.250000000	0.003338901
1967.500000000	0.015435808
1967.750000000	0.007629465
1968.000000000	0.000000000
1968.250000000	0.000000000
1968.500000000	0.000000000
1968.750000000	0.000000000
1969.000000000	0.019355443
1969.250000000	0.067927341
1969.500000000	0.000000000
1969.750000000	0.000000000
1970.000000000	0.000000000
1970.250000000	0.000000000
1970.500000000	0.000000000
1970.750000000	0.012852377
1971.000000000	0.047947822
1971.250000000	0.000000000
1971.500000000	0.000000000
1971.750000000	0.000000000
1972.000000000	0.000000000
1972.250000000	0.000000000
1972.500000000	0.000000000
1972.750000000	0.000000000
1973.000000000	0.000000000
1973.250000000	0.000000000
1973.500000000	0.131422429
1973.750000000	0.059754931
1974.000000000	0.852587129
1974.250000000	0.000000000
1974.500000000	0.000000000
1974.750000000	0.098810924
1975.000000000	0.000000000
1975.250000000	0.000000000
1975.500000000	0.000000000
1975.750000000	0.000000000
1976.000000000	0.052651392
1976.250000000	0.033986558
1976.500000000	0.046295893
1976.750000000	0.086619041
1977.000000000	0.000000000
1977.250000000	0.000000000
1977.500000000	0.044556022
1977.750000000	0.021555004
1978.000000000	0.000000000
1978.250000000	0.000000000
1978.500000000	0.000000000
1978.750000000	0.000000000
1979.000000000	0.043914850
1979.250000000	0.130707861
1979.500000000	0.369318521
1979.750000000	0.186655258
1980.000000000	0.150282203
1980.250000000	0.097422113
1980.500000000	0.000000000
1980.750000000	0.000000000
1981.000000000	0.000000000
1981.250000000	0.000000000
1981.500000000	0.000000000
1981.750000000	0.000000000
1982.000000000	0.000000000
1982.250000000	0.000000000
1982.500000000	0.000000000
1982.750000000	0.000000000
1983.000000000	0.000000000
1983.250000000	0.000000000
1983.500000000	0.000000000
1983.750000000	0.000000000
1984.000000000	0.000000000
1984.250000000	0.000000000
1984.500000000	0.000000000
1984.750000000	0.000000000
1985.000000000	0.000000000
1985.250000000	0.000000000
1985.500000000	0.000000000
1985.750000000	0.046844673
1986.000000000	0.000000000
1986.250000000	0.000000000
1986.500000000	0.000000000
1986.750000000	0.000000000
1987.000000000	0.069702354
1987.250000000	0.060401940
1987.500000000	0.051383664
1987.750000000	0.000000000
1988.000000000	0.000000000
1988.250000000	0.000000000
1988.500000000	0.000000000
1988.750000000	0.000000000
1989.000000000	0.063720815
1989.250000000	0.100194627
1989.500000000	0.000000000
1989.750000000	0.000000000
1990.000000000	0.064817843
1990.250000000	0.000000000
1990.500000000	0.198791237
1990.750000000	0.183999415
1991.000000000	0.000000000
1991.250000000	0.000000000
1991.500000000	0.000000000
1991.750000000	0.000000000
1992.000000000	0.000000000
1992.250000000	0.000000000
1992.500000000	0.000000000
1992.750000000	0.000000000
1993.000000000	0.000000000
1993.250000000	0.000000000
1993.500000000	0.000000000
1993.750000000	0.000000000
1994.000000000	0.000000000
1994.250000000	0.000000000
1994.500000000	0.038598092
1994.750000000	0.000000000
1995.000000000	0.000000000
1995.250000000	0.044757294
1995.500000000	0.000000000
1995.750000000	0.000000000
1996.000000000	0.021817808
1996.250000000	0.095754587
1996.500000000	0.030181859
1996.750000000	0.095350721
1997.000000000	0.000000000
1997.250000000	0.000000000
1997.500000000	0.000000000
1997.750000000	0.000000000
1998.000000000	0.000000000
1998.250000000	0.000000000
1998.500000000	0.000000000
1998.750000000	0.000000000
1999.000000000	0.000000000
1999.250000000	0.186634354
1999.500000000	0.207698348
1999.750000000	0.122254273
2000.000000000	0.159352026
2000.250000000	0.000000000
2000.500000000	0.093288403
2000.750000000	0.011215463
2001.000000000	0.000000000
2001.250000000	0.000000000
2001.500000000	0.000000000
2001.750000000	0.000000000
2002.000000000	0.000000000
2002.250000000	0.000000000
2002.500000000	0.063010098
2002.750000000	0.000000000
2003.000000000	0.185962409
2003.250000000	0.000000000
2003.500000000	0.000000000
2003.750000000	0.000000000
2004.000000000	0.032770914
2004.250000000	0.083578243
2004.500000000	0.134769864
2004.750000000	0.096566834
2005.000000000	0.028569485
2005.250000000	0.064970127
2005.500000000	0.173294573
2005.750000000	0.000000000
2006.000000000	0.004218526
2006.250000000	0.107415864
2006.500000000	0.000000000
2006.750000000	0.000000000
2007.000000000	0.000000000
2007.250000000	0.000000000
2007.500000000	0.069324052
2007.750000000	0.185077139
2008.000000000	0.075281380
2008.250000000	0.235494648
2008.500000000	0.000000000
2008.750000000	0.000000000
2009.000000000	0.000000000
2009.250000000	0.000000000
2009.500000000	0.000000000
2009.750000000	0.109116709
2010.000000000	0.033100764
2010.250000000	0.000000000
2010.500000000	0.000000000
2010.750000000	0.078254020
2011.000000000	0.100117061
2011.250000000	0.087300995
2011.500000000	0.000000000
2011.750000000	0.000000000
2012.000000000	0.003309864
2012.250000000	0.000000000
2012.500000000	0.000000000
2012.750000000	0.000000000
2013.000000000	0.000000000
2013.250000000	0.000000000
2013.500000000	0.114724436
2013.750000000	0.000000000
2014.000000000	0.000000000
2014.250000000	0.000000000
2014.500000000	0.000000000
2014.750000000	0.000000000
2015.000000000	0.000000000
2015.250000000	0.000000000
2015.500000000	0.000000000
2015.750000000	0.000000000
2016.000000000	0.000000000
2016.250000000	0.000000000
2016.500000000	0.000000000
