% load oil price shocks
% column 1 = date
% column 2 = Hamilton price shocks
oilshocks=[
1986.250000000	0.000000000
1986.500000000	0.000000000
1986.750000000	0.000000000
1987.000000000	0.058273399
1987.250000000	0.061400887
1987.500000000	0.050441044
1987.750000000	0.000000000
1988.000000000	0.000000000
1988.250000000	0.000000000
1988.500000000	0.000000000
1988.750000000	0.000000000
1989.000000000	0.070130123
1989.250000000	0.096924198
1989.500000000	0.000000000
1989.750000000	0.000000000
1990.000000000	0.065862182
1990.250000000	0.000000000
1990.500000000	0.185577993
1990.750000000	0.202069992
1991.000000000	0.000000000
1991.250000000	0.000000000
1991.500000000	0.000000000
1991.750000000	0.000000000
1992.000000000	0.000000000
1992.250000000	0.000000000
1992.500000000	0.000000000
1992.750000000	0.000000000
1993.000000000	0.000000000
1993.250000000	0.000000000
1993.500000000	0.000000000
1993.750000000	0.000000000
1994.000000000	0.000000000
1994.250000000	0.000000000
1994.500000000	0.035337063
1994.750000000	0.000000000
1995.000000000	0.000000000
1995.250000000	0.045653561
1995.500000000	0.000000000
1995.750000000	0.000000000
1996.000000000	0.021512842
1996.250000000	0.094166452
1996.500000000	0.028870304
1996.750000000	0.097326652
1997.000000000	0.000000000
1997.250000000	0.000000000
1997.500000000	0.000000000
1997.750000000	0.000000000
1998.000000000	0.000000000
1998.250000000	0.000000000
1998.500000000	0.000000000
1998.750000000	0.000000000
1999.000000000	0.000000000
1999.250000000	0.186946347
1999.500000000	0.207200973
1999.750000000	0.124497297
2000.000000000	0.161040729
2000.250000000	0.000902124
2000.500000000	0.089432667
2000.750000000	0.013588315
2001.000000000	0.000000000
2001.250000000	0.000000000
2001.500000000	0.000000000
2001.750000000	0.000000000
2002.000000000	0.000000000
2002.250000000	0.000000000
2002.500000000	0.058707001
2002.750000000	0.000000000
2003.000000000	0.184026453
2003.250000000	0.000000000
2003.500000000	0.000000000
2003.750000000	0.000000000
2004.000000000	0.037591021
2004.250000000	0.080833822
2004.500000000	0.135704204
2004.750000000	0.095717208
2005.000000000	0.032580613
2005.250000000	0.062351784
2005.500000000	0.175755126
2005.750000000	0.000000000
2006.000000000	0.000000000
2006.250000000	0.106976022
2006.500000000	0.000297325
2006.750000000	0.000000000
2007.000000000	0.000000000
2007.250000000	0.000000000
2007.500000000	0.065126155
2007.750000000	0.185814526
2008.000000000	0.077221317
2008.250000000	0.234974422
2008.500000000	0.000000000
2008.750000000	0.000000000
2009.000000000	0.000000000
2009.250000000	0.000000000
2009.500000000	0.000000000
2009.750000000	0.109167188
2010.000000000	0.036293781
2010.250000000	0.000000000
2010.500000000	0.000000000
2010.750000000	0.077534895
2011.000000000	0.099460691
2011.250000000	0.081187952
2011.500000000	0.000000000
2011.750000000	0.000000000
2012.000000000	0.009389529
2012.250000000	0.000000000
2012.500000000	0.000000000
2012.750000000	0.000000000
2013.000000000	0.000000000
2013.250000000	0.000000000
2013.500000000	0.115086896
2013.750000000	0.000000000
2014.000000000	0.000000000
2014.250000000	0.000000000
2014.500000000	0.000000000
2014.750000000	0.000000000
2015.000000000	0.000000000
2015.250000000	0.000000000
2015.500000000	0.000000000
2015.750000000	0.000000000
2016.000000000	0.000000000
2016.250000000	0.000000000
2016.500000000	0.000000000
2016.750000000	0.077736352
2017.000000000	0.049351272
2017.250000000	0.000000000
2017.500000000	0.000000000
2017.750000000	0.068221403
2018.000000000	0.129481785
2018.250000000	0.078832639
2018.500000000	0.023548097
2018.750000000	0.000000000
2019.000000000	0.000000000
2019.250000000	0.000000000
2019.500000000	0.000000000
2019.750000000	0.000000000
2020.000000000	0.000000000
2020.250000000	0.000000000
2020.500000000	0.000000000
2020.750000000	0.000000000
2021.000000000	0.247969875
2021.250000000	0.130426239
2021.500000000	0.064203583
2021.750000000	0.091364467
2022.000000000	0.207726142
2022.250000000	0.134053821
2022.500000000	0.000000000
2022.750000000	0.000000000
2023.000000000	0.000000000
2023.250000000	0.000000000
2023.500000000	0.000000000
2023.750000000	0.000000000
2024.000000000	0.000000000
2024.250000000	0.000000000
2024.500000000	0.000000000
2024.750000000	0.000000000
2025.000000000	0.000000000
2025.250000000	0.000000000
2025.500000000	0.000000000
2025.750000000	0.000000000
];
