% US quarterly, 1950:Q2 to recent, for change in output per hour and change
% in hours, plus inflation 

Z = [1.078236300000013	9.755575250999999	-0.39220543
2.289585300000008	12.42066299	2.274622181
0.1647446999999858	3.674275706	4.082199452
0.1433422999999934	6.668408784000001	8.050730578
-0.2186204999999664	3.199264291	8.269366513
2.312268699999986	-3.969788485	6.235634637
0.174612300000021	0.189266159	5.430939036
0.3711854999999709	2.563775488	1.675118834
-0.1006795999999976	-1.660737854	1.252719806
-0.4635162000000026	2.863599901	2.339647187
1.852601100000007	10.57137099	1.530472371
0.7198806999999974	4.123435797	1.625510813
0.3088564000000016	0.702053687	1.622450385
0.5148732999999961	-4.008190843	0.862761225
-0.3875800999999956	-6.345614984	0.78930469
0.1182152000000158	-5.411177335999999	1.11090972
0.7019442999999903	-3.027252617	1.016457738
1.746654399999992	-1.571463164	0.811971437
1.094656599999988	4.980723260000001	0.875172058
1.998064200000016	6.404764695	1.034090588
0.1875244999999914	5.172398092	1.360859105
0.3593158000000152	4.133016743	1.924376736
-0.4035314999999873	4.816857293	2.649020051
-1.25244010000003	2.41962734	3.175374784999999
0.4149780000000103	0.870896532	3.333642027
-0.04035810000000417	-1.605756656	3.869227259
1.012511699999985	2.207073784	3.246162864
1.1355322	0.359051801	3.642727491
-0.3562094999999932	-0.849187875	3.747129485
1.468710700000031	-1.940287637	3.061643749
0.3366798999999698	-8.372993229000001	2.688171532
-1.557367900000006	-9.15570567	2.381360821
1.870446900000022	-5.78096706	2.013374631
1.912297599999979	4.736077485	2.074600017
1.630222400000036	5.923706145999999	2.564557426
0.09657929999997705	7.664446617	1.700033636
1.363786400000011	7.585633168	1.386107838
-0.009717299999989493	-1.183384458	0.968389885
-0.1711796000000376	0.05892510799999999	0.886838278
2.254207600000013	2.467048677	1.090439531
-1.453357900000007	0.702085308	1.438597746
0.2411289999999955	-2.266700957	1.582364445
-1.311010899999987	-3.734082324	1.457654543
1.222343000000015	-2.254644591	1.239243834
2.830960699999974	-0.929353024	1.103204768
1.322179400000012	2.339168577	1.033344888
0.9775392999999965	5.055463272	1.077125251
1.678574499999996	1.46526274	1.447569371
-0.1604601999999566	4.73661262	1.384169866
1.239110999999937	-0.835972846	1.315072114
0.6926342999999946	-2.55084372	1.292199816
0.6034638000000037	2.422077301	0.930497652
0.9611671000000044	2.522695698	0.979720393
2.002706000000032	1.079950493	0.936073051
0.0512216999999815	3.095838159	1.366868359
1.013892200000033	7.359803570000001	1.436503955
0.6316501999999779	1.736975434	1.497129611
0.8243850000000385	2.554499866	1.692950236
-0.9974812000000277	3.868431069	1.44277847
1.366497500000019	6.201487186	1.653228041
0.6219111000000055	3.944975838	1.827088287
1.771606599999931	0.937240908	1.802253463
1.888710600000021	3.774113594	1.943276573
1.318603200000013	5.734113317	2.086816963
-0.6310757999999695	3.903649602	2.495297276
0.1167579999999724	1.863499426	3.175562334
0.6773400000000151	-1.07359619	3.453991748
0.7940574000000033	-0.452000077	3.258514559
0.3474595000000136	-2.457729745	2.962451351
0.3385405999999591	1.311137204	2.894460091
0.3343221999999812	1.815828581	3.083225
2.252344100000059	0.71376078	3.716292815
0.9265631999999968	3.815500896	4.214709235
-0.1058430000000499	2.787428485	4.218415291000001
-0.2045494999999953	2.461511803	4.520657634
0.8512717000000336	3.730407153	4.468947556
-0.8303495999999911	3.684989212	4.712924362
0.03286869999996611	1.917028185	5.158915593
-0.4641491000000108	-1.216876216	5.047480638
0.2922159999999785	-1.582555643	5.430133106999999
1.542752400000058	-5.307893935	5.508454215999999
1.567191899999987	-2.034606559	4.873229338
-0.8755947000000042	-3.062999694	4.862055993
2.911587999999998	1.876487001	4.936024748
0.347614300000032	1.292679445	4.874155086
0.8841440999999505	0	5.084287286
-0.8529889000000068	4.262424239999999	4.59907304
1.396225000000051	4.846013422	4.660156664
1.98798309999999	2.851479983	3.952383997
0.5623667000000055	2.24399207	3.913608863
0.8187655999999599	4.157177307	4.435982559
2.242725400000012	6.000814302	4.076155147
0.08445049999998844	4.162727629	5.015776558
-0.9142648000000087	2.690994186	5.979588765
-0.6168655999999828	1.979436499	6.620504897
-0.1474352999999873	-1.705649642	7.320492106999999
-0.2444168000000246	1.046925256	8.112636938
-1.047526300000001	-1.39306447	9.078763458999999
0.9681639000000075	-6.670990555999999	10.06532707
0.7934741000000578	-12.7510196	10.44312729
1.577505699999993	-3.706556556	9.62624063
1.087421799999966	3.646870046	8.570955746
0.01169860000000966	6.806225103	7.367202441
1.4516478	6.561167239000001	6.195421303
0.9422304000000104	0.141673719	5.74951112
0.1268214999999628	1.586462192	5.266916471
0.307507600000001	2.136729378	5.331500087
0.520476800000047	4.239518541	5.85780764
0.4865151999999817	7.560082403000001	6.230051415
1.009336499999947	4.256747749999999	6.080958894
-1.35768159999996	3.890641407	6.427706972
0.03639490000004742	1.840172462	6.280090124
1.980361199999958	11.53200681	6.659855435999999
-0.01107210000004244	3.352600137	7.093737236999999
0.587583900000066	4.817517988	7.032677423
-0.9524174000000052	2.834060121	7.30127926
-0.2769776000000057	1.615788616	7.923277036
-0.1276181999999793	3.340812628	8.411497427
-0.1215746000000628	0.780416393	8.297002086
0.4026145000000092	-0.955070821	8.637236985
-1.133931499999985	-7.040100106	8.385196184
0.3956001999999792	-1.838307494	8.498064906
1.076511400000069	4.909813995	9.250162192
1.516310699999934	2.199372355	9.709385142
-1.313212499999938	0.138502558	9.384533288
0.8814512999999913	-0.133885033	8.904224349
-1.28188800000002	-1.545225146	7.980259861999999
-0.656479199999982	-6.490910376999999	6.785052782
0.2035977999999439	1.546990532	6.12929617
0.168523399999998	-2.844674127	5.767619343
0.8580251000000594	-3.632223328	5.031882050000001
1.246722499999997	2.33031607	4.499619624
2.315179000000001	4.446821826	4.012964229
0.9537522999999659	7.792574859	3.629020049
0.4612241000000239	7.413483873	3.309637973
-0.121537900000046	7.597641536	3.732953907
0.6213264000000329	5.28054665	3.872954119
0.4059105999999701	1.827492943	3.650663878
0.1122042000000434	2.632744111	3.531695865
0.1444076999999489	3.259243805	3.409354266
0.247894500000001	2.581591676	3.119320689
1.295153300000074	1.08492815	2.73619845
0.4695110999999308	1.8820572	2.746181198
1.270408000000067	-0.567075846	2.141605522
0.7501342999999495	-0.941256715	2.084520396
0.4204569000000547	2.01548024	2.248367448
-0.2609178000000156	3.021073415	2.256358823
-0.4838325000000587	4.762729906999999	2.564081814
0.7337082000000272	2.279961565	2.595057261
0	2.782719849	2.760252837
0.9265889999999999	4.105730205000001	2.831846196
0.2196686999999642	0.356091515	2.855899385
0.3389371000000807	5.674708509000001	3.263843986
0.2868164999999756	1.095121919	3.632240748
0.5787272000000066	4.413685145	3.656078534
-0.3868895000000094	3.910068953	3.934343272
0.2390108000000168	1.597615422	3.937393464
0.4849146999999831	0.899007402	3.532814816
0.1589705999999858	0.054185858	3.47550303
0.9219707999999827	0.927760744	3.539352055
0.6613836000000539	-2.090495927	3.742723931
0.3932675999999802	-2.68328003	3.918219187
-0.7424926999999748	-1.974268066	3.975324609
0.2297791999999354	-4.188271933	3.965129397
1.433403900000041	-2.523793254	3.449784912
0.7044111999999992	-0.479487006	3.275010456
0.6388084000000128	-0.532103839	3.050542765
1.633551399999966	-1.910192643	2.47433599
0.6707542000000011	1.577768783	2.377500379
0.9594438999999788	0.788556187	2.122151286
0.8220298000000348	2.686205482	2.116954255
-0.7802200000000426	3.417269187	2.290387733
-0.592940399999975	4.725535656	2.293941624
0.3857112000000384	1.875467569	2.272435781
0.7402619999999694	3.298518453	2.282184846
0.6748583000000253	1.579802086	2.110804037
