% load DPGDP series

data_DPGDP_series=[
1951	14.64312704
1951.25	2.449542697
1951.5	0.226052563
1951.75	4.405033843
1952	-0.380153767
1952.25	0.759946585
1952.5	4.573762088
1952.75	1.168334577
1953	0
1953.25	0.747704874
1953.5	1.535005447
1953.75	0.874508438
1954	1.286420122
1954.25	0.369896945
1954.5	0.717060246
1954.75	1.127310919
1955	1.922094242
1955.25	1.676971013
1955.5	2.971130768
1955.75	4.02588418
1956	4.02751318
1956.25	2.310039978
1956.5	5.113471699
1956.75	1.533626601
1957	5.613771685
1957.25	2.727647954
1957.5	2.371528756
1957.75	0.039737731
1958	4.386528844
1958.25	1.255703194
1958.5	2.616430299
1958.75	1.999567366
1959	0.928433686
1959.25	0
1959.5	0.945558488
1959.75	1.673360938
1960	1.742838696
1960.25	1.39263286
1960.5	1.520625287
1960.75	1.174521327
1961	0.869195864
1961.25	0.848476596
1961.5	1.241185763
1961.75	1.349642782
1962	2.350972343
1962.25	0.594878578
1962.5	0.964794753
1962.75	1.258153588
1963	0.904163688
1963.25	0.791769541
1963.5	0.790205389
1963.75	2.981334819
1964	1.182706072
1964.25	1.034272163
1964.5	1.573487888
1964.75	1.980647756
1965	2.024504355
1965.25	1.729713147
1965.5	1.474148595
1965.75	2.544740193
1966	2.598665915
1966.25	3.363634399
1966.5	4.19520883
1966.75	3.658457848
1967	1.816757161
1967.25	2.179381566
1967.5	3.92324379
1967.75	4.413517482
1968	4.349028421
1968.25	4.173047246
1968.5	3.938068014
1968.75	5.622486853
1969	4.14218811
1969.25	5.148954471
1969.5	5.722032936
1969.75	5.176747033
1970	5.672797987
1970.25	5.462238906
1970.5	3.181133426
1970.75	5.132053652
1971	5.968673009
1971.25	5.21476026
1971.5	4.021662222
1971.75	3.19119667
1972	6.213007504
1972.25	2.383669592
1972.5	3.866561689
1972.75	5.280691453
1973	4.773697856
1973.25	6.142155233
1973.5	7.721810518
1973.75	7.844355982
1974	7.573646695
1974.25	9.310734559
1974.5	11.5863166
1974.75	11.79061044
1975	9.084847569
1975.25	6.043187911
1975.5	7.365177065
1975.75	6.975597218
1976	4.397723017
1976.25	4.259547178
1976.5	5.434798471
1976.75	7.233931681
1977	6.50295323
1977.25	5.748522277
1977.5	4.838428388
1977.75	8.620923991
1978	5.912485839
1978.25	7.267583528
1978.5	6.57395559
1978.75	8.376684736
1979	6.986893187
1979.25	9.755574632
1979.5	8.526837154
1979.75	7.91870337
1980	8.347832784
1980.25	8.747411428
1980.5	8.978312042
1980.75	10.92709252
1981	10.18472458
1981.25	7.448004011
1981.5	7.057076287
1981.75	7.231234569
1982	5.403896261
1982.25	4.824977563
1982.5	5.610368981
1982.75	4.288285395
1983	3.274846559
1983.25	2.87835598
1983.5	4.074592263
1983.75	3.010757092
1984	4.968110294
1984.25	3.438356826
1984.5	3.1854313
1984.75	2.53488504
1985	4.478743897
1985.25	2.278222517
1985.5	1.652942347
1985.75	2.57481603
1986	2.060441193
1986.25	2.049882016
1986.5	2.308330554
1986.75	2.606781531
1987	3.291333156
1987.25	2.173783803
1987.5	2.969112855
1987.75	2.89315497
1988	3.387545912
1988.25	3.805562206
1988.5	4.442699905
1988.75	2.988506113
1989	4.500604864
1989.25	3.817762972
1989.5	2.824385315
1989.75	2.759258971
1990	4.756000961
1990.25	4.631250479
1990.5	3.526366339
1990.75	2.987680656
1991	4.715220113
1991.25	2.569872539
1991.5	2.827268515
1991.75	2.089809893
1992	2.410393014
1992.25	2.182530093
1992.5	1.805872142
1992.75	2.069021772
1993	3.104126923
1993.25	2.196745659
1993.5	1.719848769
1993.75	2.108018031
1994	2.418603687
1994.25	1.675469776
1994.5	2.553143572
1994.75	1.860242936
1995	2.533957028
1995.25	1.435202124
1995.5	1.868066041
1995.75	1.919775388
1996	2.558309493
1996.25	1.416142708
1996.5	1.245137192
1996.75	2.118889674
1997	2.549822886
1997.25	0.639125543
1997.5	1.375696019
1997.75	1.304212672
1998	1.012843431
1998.25	0.665495271
1998.5	1.456063086
1998.75	1.380637331
1999	1.622553213
1999.25	1.41947411
1999.5	1.385888032
1999.75	1.706332604
2000	3.580320138
2000.25	1.720069765
2000.5	2.055963407
2000.75	1.62050738
2001	3.213568021
2001.25	3.039331366
2001.5	1.651322084
2001.75	2.00519204
2002	1.458704744
2002.25	1.426466289
2002.5	1.498085932
2002.75	2.213784416
2003	3.103072567
2003.25	1.276761588
2003.5	2.065146848
2003.75	2.166505921
2004	3.658930163
2004.25	3.691716681
2004.5	2.246878782
2004.75	3.186024537
2005	3.795043688
2005.25	2.569464432
2005.5	3.39695025
2005.75	3.455775378
2006	3.37069887
2006.25	3.418174997
2006.5	2.327610875
2006.75	1.691767107
2007	4.141114666
2007.25	2.598807114
2007.5	0.922637614
2007.75	nan
];
