% USquarterly.m

% This file loads monthly data, 1961:1-2007:10, for US.  There are the
% following series (each series is followed by 4 lags):
% UE, quarterly change in commodity prices (DPCOM), CPI,
% Real GDP, and FFR.  


Z = [6.799999999999999	6.266666667	5.533333333	5.233333333	5.133333333000001	7.820519801	7.814480406	7.82751997	7.825964169999999	7.830981902	3.394508393511358	3.394508393511358	3.387774361330015	3.386658874541032	3.380994674344636	0.004443354632211794	-0.04593333330653593	-0.0307716586667528	-0.01926461158292536	-0.002470967405007407	2.003333333	2.296666667	2.936666667	3.696666667	3.933333333
7	6.799999999999999	6.266666667	5.533333333	5.233333333	7.839131648000001	7.820519801	7.814480406	7.82751997	7.825964169999999	3.394508393511358	3.394508393511358	3.394508393511358	3.387774361330015	3.386658874541032	0.04056260926186006	0.004443354632211794	-0.04593333330653593	-0.0307716586667528	-0.01926461158292536	1.733333333	2.003333333	2.296666667	2.936666667	3.696666667
6.766666666999999	7	6.799999999999999	6.266666667	5.533333333	7.85519578	7.839131648000001	7.820519801	7.814480406	7.82751997	3.39896155072058	3.394508393511358	3.394508393511358	3.394508393511358	3.387774361330015	0.05603043303137945	0.04056260926186006	0.004443354632211794	-0.04593333330653593	-0.0307716586667528	1.683333333	1.733333333	2.003333333	2.296666667	2.936666667
6.2	6.766666666999999	7	6.799999999999999	6.266666667	7.875423301999999	7.85519578	7.839131648000001	7.820519801	7.814480406	3.401197381662155	3.39896155072058	3.394508393511358	3.394508393511358	3.394508393511358	0.04876578135931187	0.05603043303137945	0.04056260926186006	0.004443354632211794	-0.04593333330653593	2.4	1.683333333	1.733333333	2.003333333	2.296666667
5.633333333000001	6.2	6.766666666999999	7	6.799999999999999	7.893236196	7.875423301999999	7.85519578	7.839131648000001	7.820519801	3.40452517175483	3.401197381662155	3.39896155072058	3.394508393511358	3.394508393511358	0.0080463587887456	0.04876578135931187	0.05603043303137945	0.04056260926186006	0.004443354632211794	2.456666667	2.4	1.683333333	1.733333333	2.003333333
5.533333333	5.633333333000001	6.2	6.766666666999999	7	7.904113334	7.893236196	7.875423301999999	7.85519578	7.839131648000001	3.407841924380824	3.40452517175483	3.401197381662155	3.39896155072058	3.394508393511358	-0.03103210924772881	0.0080463587887456	0.04876578135931187	0.05603043303137945	0.04056260926186006	2.606666667	2.456666667	2.4	1.683333333	1.733333333
5.566666666999999	5.533333333	5.633333333000001	6.2	6.766666666999999	7.913264949000001	7.904113334	7.893236196	7.875423301999999	7.85519578	3.411147712515323	3.407841924380824	3.40452517175483	3.401197381662155	3.39896155072058	-0.04473087777744666	-0.03103210924772881	0.0080463587887456	0.04876578135931187	0.05603043303137945	2.846666667	2.606666667	2.456666667	2.4	1.683333333
5.533333333	5.566666666999999	5.533333333	5.633333333000001	6.2	7.915713199	7.913264949000001	7.904113334	7.893236196	7.875423301999999	3.414442608412176	3.411147712515323	3.407841924380824	3.40452517175483	3.401197381662155	-0.008423164394930183	-0.04473087777744666	-0.03103210924772881	0.0080463587887456	0.04876578135931187	2.923333333	2.846666667	2.606666667	2.456666667	2.4
5.766666667	5.533333333	5.566666666999999	5.533333333	5.633333333000001	7.928730298	7.915713199	7.913264949000001	7.904113334	7.893236196	3.41664413065118	3.414442608412176	3.411147712515323	3.407841924380824	3.40452517175483	0.02794823903207355	-0.008423164394930183	-0.04473087777744666	-0.03103210924772881	0.0080463587887456	2.966666667	2.923333333	2.846666667	2.606666667	2.456666667
5.733333333000001	5.766666667	5.533333333	5.566666666999999	5.533333333	7.941153263000001	7.928730298	7.915713199	7.913264949000001	7.904113334	3.418808065921816	3.41664413065118	3.414442608412176	3.411147712515323	3.407841924380824	0.04869135482198761	0.02794823903207355	-0.008423164394930183	-0.04473087777744666	-0.03103210924772881	2.963333333	2.966666667	2.923333333	2.846666667	2.606666667
5.5	5.733333333000001	5.766666667	5.533333333	5.566666666999999	7.959799932	7.941153263000001	7.928730298	7.915713199	7.913264949000001	3.425336995848635	3.418808065921816	3.41664413065118	3.414442608412176	3.411147712515323	0.04107878337702964	0.04869135482198761	0.02794823903207355	-0.008423164394930183	-0.04473087777744666	3.33	2.963333333	2.966666667	2.923333333	2.846666667
5.566666666999999	5.5	5.733333333000001	5.766666667	5.533333333	7.967557437	7.959799932	7.941153263000001	7.928730298	7.915713199	3.428585544981021	3.425336995848635	3.418808065921816	3.41664413065118	3.414442608412176	0.07720144151318475	0.04107878337702964	0.04869135482198761	0.02794823903207355	-0.008423164394930183	3.453333333	3.33	2.963333333	2.966666667	2.923333333
5.466666666999999	5.566666666999999	5.5	5.733333333000001	5.766666667	7.989729926	7.967557437	7.959799932	7.941153263000001	7.928730298	3.4307561839037	3.428585544981021	3.425336995848635	3.418808065921816	3.41664413065118	0.01668197584785425	0.07720144151318475	0.04107878337702964	0.04869135482198761	0.02794823903207355	3.463333333	3.453333333	3.33	2.963333333	2.966666667
5.2	5.466666666999999	5.566666666999999	5.5	5.733333333000001	8.001288022	7.989729926	7.967557437	7.959799932	7.941153263000001	3.433987204485146	3.4307561839037	3.428585544981021	3.425336995848635	3.418808065921816	-0.03329813945871418	0.01668197584785425	0.07720144151318475	0.04107878337702964	0.04869135482198761	3.490000000000001	3.463333333	3.453333333	3.33	2.963333333
5	5.2	5.466666666999999	5.566666666999999	5.5	8.014831645999999	8.001288022	7.989729926	7.967557437	7.959799932	3.436146162579608	3.433987204485146	3.4307561839037	3.428585544981021	3.425336995848635	-0.0009632984079841478	-0.03329813945871418	0.01668197584785425	0.07720144151318475	0.04107878337702964	3.456666667	3.490000000000001	3.463333333	3.453333333	3.33
4.966666667	5	5.2	5.466666666999999	5.566666666999999	8.017505312	8.014831645999999	8.001288022	7.989729926	7.967557437	3.440418094815437	3.436146162579608	3.433987204485146	3.4307561839037	3.428585544981021	-0.03135226969076666	-0.0009632984079841478	-0.03329813945871418	0.01668197584785425	0.07720144151318475	3.576666667	3.456666667	3.490000000000001	3.463333333	3.453333333
4.900000000000001	4.966666667	5	5.2	5.466666666999999	8.041799059000001	8.017505312	8.014831645999999	8.001288022	7.989729926	3.443618097546107	3.440418094815437	3.436146162579608	3.433987204485146	3.4307561839037	-0.03036574517331747	-0.03135226969076666	-0.0009632984079841478	-0.03329813945871418	0.01668197584785425	3.973333333	3.576666667	3.456666667	3.490000000000001	3.463333333
4.666666667	4.900000000000001	4.966666667	5	5.2	8.055221221999999	8.041799059000001	8.017505312	8.014831645999999	8.001288022	3.449987545831587	3.443618097546107	3.440418094815437	3.436146162579608	3.433987204485146	-0.01945242592681495	-0.03036574517331747	-0.03135226969076666	-0.0009632984079841478	-0.03329813945871418	4.076666666999999	3.973333333	3.576666667	3.456666667	3.490000000000001
4.366666667	4.666666667	4.900000000000001	4.966666667	5	8.07530266	8.055221221999999	8.041799059000001	8.017505312	8.014831645999999	3.453157120592867	3.449987545831587	3.443618097546107	3.440418094815437	3.436146162579608	-0.02854543768846884	-0.01945242592681495	-0.03036574517331747	-0.03135226969076666	-0.0009632984079841478	4.073333333	4.076666666999999	3.973333333	3.576666667	3.456666667
4.1	4.366666667	4.666666667	4.900000000000001	4.966666667	8.099189807	8.07530266	8.055221221999999	8.041799059000001	8.017505312	3.459466289786131	3.453157120592867	3.449987545831587	3.443618097546107	3.440418094815437	-0.03013769957110135	-0.02854543768846884	-0.01945242592681495	-0.03036574517331747	-0.03135226969076666	4.166666667	4.073333333	4.076666666999999	3.973333333	3.576666667
