% MSC.m

% quarterly inflation forecast errors (dated by inflation) and log disagreement, 51:1-07:4.

Z=[NaN	NaN	NaN	NaN
NaN	NaN	NaN	NaN
NaN	NaN	NaN	NaN
NaN	NaN	NaN	NaN
NaN	NaN	NaN	NaN
NaN	NaN	NaN	NaN
NaN	NaN	NaN	NaN
NaN	NaN	NaN	NaN
NaN	NaN	NaN	NaN
NaN	NaN	NaN	NaN
NaN	NaN	NaN	NaN
NaN	NaN	NaN	NaN
NaN	NaN	NaN	NaN
NaN	NaN	NaN	NaN
NaN	NaN	NaN	NaN
NaN	NaN	NaN	NaN
NaN	NaN	NaN	NaN
NaN	NaN	NaN	NaN
NaN	NaN	NaN	NaN
NaN	NaN	NaN	NaN
NaN	NaN	NaN	NaN
NaN	NaN	NaN	NaN
NaN	NaN	NaN	NaN
NaN	NaN	NaN	NaN
NaN	NaN	NaN	NaN
NaN	NaN	NaN	NaN
NaN	NaN	NaN	NaN
NaN	NaN	NaN	NaN
NaN	NaN	NaN	NaN
NaN	NaN	NaN	NaN
NaN	NaN	NaN	NaN
NaN	NaN	NaN	NaN
NaN	NaN	NaN	NaN
NaN	NaN	NaN	NaN
NaN	NaN	NaN	NaN
NaN	NaN	NaN	NaN
NaN	NaN	NaN	NaN
NaN	NaN	NaN	NaN
NaN	NaN	NaN	NaN
NaN	NaN	NaN	NaN
NaN	NaN	NaN	NaN
NaN	NaN	NaN	NaN
NaN	NaN	NaN	NaN
NaN	NaN	NaN	NaN
NaN	NaN	NaN	NaN
NaN	NaN	NaN	NaN
NaN	NaN	NaN	NaN
NaN	NaN	NaN	NaN
NaN	NaN	NaN	NaN
NaN	NaN	NaN	NaN
NaN	NaN	NaN	NaN
NaN	NaN	NaN	NaN
NaN	NaN	NaN	NaN
NaN	NaN	NaN	NaN
NaN	NaN	NaN	NaN
NaN	NaN	NaN	NaN
NaN	NaN	NaN	NaN
NaN	NaN	NaN	NaN
NaN	NaN	NaN	NaN
NaN	NaN	NaN	NaN
NaN	NaN	NaN	2.6
NaN	NaN	NaN	3.9
NaN	NaN	NaN	4.8
NaN	NaN	NaN	4.4
0.271831702	1.497866137	2.871831702	3.9
-1.333358256	1.589026915	2.566641744	4.3
-2.091210064	1.666102255	2.708789936	4.7
-1.409870252	1.700598691	2.990129748	5.1
-0.158942004	1.629048269	3.741057996	4.8
-0.179565366	1.545521227	4.120434634	4.5
-0.22236146	1.732867951	4.47763854	5.1
-0.473854802	1.567747108	4.626145198	3.9
0.072752699	1.716993602	4.872752699	4.5
1.002002171	1.763180262	5.502002171	5.5
0.423567734	1.791759469	5.523567734	5.5
1.932267391	1.683647915	5.832267391	4.1
1.727076272	1.844439727	6.227076272	5.5
0.538497022	1.914320698	6.038497022	6.1
0.185985336	1.683647915	5.685985336	4.3
1.500106196	1.805458956	5.600106196	5.4
-0.686634466	1.791759469	4.813365534	5.2
-1.786189156	1.683647915	4.313810844	4.7
-0.02973768	1.700598691	4.27026232	3.5
-1.863736069	1.748253781	3.536263931	4
-1.694152047	1.647918433	3.505847953	4.2
-1.473319588	1.647918433	3.226680412	3
-0.469885839	1.647918433	3.030114161	3.9
-0.666851904	1.647918433	3.333148096	3.9
-0.087857042	2.038768722	4.112142958	6.8
2.60841827	2.012675845	5.60841827	6.1
2.934538414	2.209420304	6.834538414	7.6
4.517588497	2.131339939	8.417588497	6.4
3.113374128	2.244318185	9.913374128	10
4.444842911	2.282174096	10.54484291	9.4
3.858084361	2.249904835	11.45808436	9.3
5.645857797	2.326980175	12.0458578	10.7
1.139153931	2.003666593	11.13915393	6.8
0.143347639	1.925073801	9.543347639	3.4
-0.614719544	2.13833306	8.685280456	7.8
-3.315068662	2.117053252	7.384931338	7.2
-0.457823023	2.021525634	6.342176977	5.8
2.615018094	1.956011503	6.015018094	5.8
-2.210127251	1.880600058	5.589872749	6.2
-2.012085588	1.856786033	5.187914412	5.7
0.102664616	2.178354413	5.902664616	8.4
0.997133449	2.012675845	6.797133449	7.6
0.374013477	2.145229721	6.574013477	7.3
0.893658296	1.975621859	6.593658296	6.8
-1.923463551	1.965912816	6.476536449	7.4
-0.573042109	2.124247621	7.026957891	8.3
0.723036032	2.152032547	8.023036032	8.9
2.129434405	2.021525634	8.929434405	8.6
2.381344832	2.260894289	9.781344832	10.4
2.453243505	2.307560258	10.75324351	11.7
2.822065418	2.249904835	11.72206542	11
4.039638022	2.255429753	12.63963802	11
3.807579176	2.354765101	14.20757918	12.6
2.726977804	2.359249436	14.4269778	10.2
1.936532372	2.203359624	12.93653237	9.4
1.539421261	2.350240183	12.53942126	10.2
-1.333662604	2.087193635	11.2663374	8.5
-0.325046102	2.221325628	9.874953898	8.6
1.452520379	2.215408399	10.85252038	8
-0.612325692	2.178354413	9.587674308	7.9
-0.914869019	2.124247621	7.585130981	6.2
-1.694659206	2.109753853	6.905340794	5.2
-2.178802124	2.071567363	5.821197876	5.8
-3.454850274	2.145229721	4.445149726	5.3
-2.60579976	2.038768722	3.59420024	4.1
-1.894896244	1.985145957	3.305103756	4.5
-3.273654743	1.956011503	2.526345257	4.8
-2.065779246	1.935600505	3.234220754	5.1
0.525645281	1.965912816	4.625645281	4.9
-0.094903659	1.903331245	4.405096341	5.3
-0.504269981	1.844439727	4.295730019	4.4
-0.94547727	1.965912816	4.15452273	5
-1.259239925	1.868834809	3.640760075	4.4
-1.692967869	1.945910149	3.607032131	4.8
-1.047307625	1.844439727	3.352692375	4.1
-1.486582118	1.892094817	3.513417882	4.7
-1.291479063	1.903331245	3.108520937	3.6
-3.121556205	1.763180262	1.678443795	3.5
-2.431842028	1.732867951	1.668157972	3.7
-3.353853814	1.666102255	1.346146186	3.8
-1.468524219	1.609437912	2.131475781	3.9
0.290813167	1.683647915	3.790813167	4.3
0.553821083	1.777674031	4.253821083	4.3
0.69613629	1.683647915	4.49613629	4
0.032435545	1.791759469	3.932435545	4.2
-0.353081111	1.914320698	3.946918889	5
-0.190469873	1.892094817	4.109530127	5.5
0.302514507	1.892094817	4.302514507	5.2
0.500207936	1.914320698	4.700207936	5.2
0.157334358	1.805458956	5.157334358	5.3
-0.767885866	1.831780823	4.732114134	4.7
-0.604266255	1.748253781	4.595733745	4.6
-0.026336079	1.925073801	5.173663921	5.1
-0.692034448	1.732867951	4.607965552	4.6
0.859525202	1.880600058	5.559525202	5.5
1.69969004	1.956011503	6.29969004	5.6
0.237073364	1.994492023	5.337073364	4.6
0.243355099	1.994492023	4.843355099	4.4
-1.62292876	1.748253781	3.87707124	3.8
-2.636917086	2.087193635	2.963082914	4.2
-1.758497773	1.81879308	2.841502227	3.1
-1.304217254	1.777674031	3.095782746	3.6
-0.728242998	1.831780823	3.071757002	3.9
-1.128361206	1.844439727	3.071638794	3.7
0.071640065	1.892094817	3.171640065	4.3
-0.477666697	1.914320698	3.122333303	4.4
-1.085376898	2.012675845	2.814623102	4.6
-0.954798761	1.647918433	2.745201239	3.7
-1.784897886	1.748253781	2.515102114	3.8
-1.973453221	1.892094817	2.426546779	4.1
-1.72329036	1.81879308	2.87670964	4.5
-1.074374888	1.763180262	2.625625112	4.1
-0.938303858	1.700598691	2.861696142	4.1
-1.030611787	1.683647915	3.069388213	4
-1.815058526	1.666102255	2.684941474	3.9
-1.408080415	1.497866137	2.691919585	3.5
-1.339496535	1.763180262	2.760503465	3.9
-1.130839897	1.925073801	2.869160103	4.5
-0.958205742	1.777674031	2.941794258	4.2
-0.315547415	1.647918433	3.184452585	4
-0.956020831	1.545521227	2.943979169	3.8
-2.134632838	1.416606672	2.365367162	3.6
-1.998408019	1.319528665	2.201591981	3.4
-2.110067312	1.319528665	1.889932688	3.3
-2.338232431	1.242453325	1.461767569	2.8
-1.976715145	1.151292546	1.623284855	3
-1.804943044	1.151292546	1.595056956	2.8
-1.753645596	1.198947636	1.546354404	2.7
-1.134031475	1.151292546	1.665968525	3
-0.911368017	1.098612289	2.088631983	3.1
-0.475527879	1.098612289	2.324472121	3.1
-0.101068856	1.198947636	2.598931144	3.5
0.173864752	1.198947636	3.173864752	3.6
0.229322102	1.151292546	3.329322102	3.5
0.368412553	1.386294361	3.468412553	3.6
-0.098087565	1.445185879	3.401912435	3.8
-0.192251793	1.445185879	3.407748207	3.4
-0.079709704	1.522261219	3.420290296	3.9
-0.902946889	1.497866137	2.697053111	3.1
-1.94385813	1.609437912	1.85614187	1.5
-2.168345424	1.354025101	1.231654576	2.6
-2.601829657	1.242453325	1.298170343	3.1
-1.523364445	1.242453325	1.576635555	2.8
0.735695455	1.319528665	2.235695455	2.7
0.283571109	1.354025101	2.883571109	3.2
-0.946217007	1.386294361	2.153782993	2.6
-0.602516348	1.282474679	2.197483652	2.8
-0.825606482	1.242453325	1.874393518	3
-1.397626371	1.242453325	1.802373629	3.1
0.235293582	1.242453325	2.835293582	4
-0.088882417	1.198947636	2.711117583	3.3
0.373096662	1.198947636	3.373096662	3.4
-0.098708041	1.151292546	3.001291959	3.6
-1.064722032	1.151292546	2.935277968	3.9
0.501555928	1.386294361	3.801555928	4.3
0.333856419	1.609437912	3.733856419	4.6
0.07694214	1.242453325	3.67694214	3.7
0.086387846	1.416606672	3.986387846	4.5
-0.953733935	1.354025101	3.346266065	4
-2.648583471	1.242453325	1.951416529	3.5
-1.273548611	1.198947636	2.426451389	3.6
-1.844365167	1.319528665	2.655634833	4.2
-1.64275327	1.416606672	2.35724673	4.1
NaN	NaN	NaN	4.1
];

MSCfe=Z(:,1);
MSCdisp=Z(:,2);
