% load oil price shocks

% column 1 = date
% column 2 = Hamilton price shocks

oilshocks=[
1951	0
1951.25	0
1951.5	0
1951.75	0
1952	0
1952.25	0
1952.5	0
1952.75	0
1953	0
1953.25	0.030943662
1953.5	0
1953.75	0
1954	0
1954.25	0
1954.5	0
1954.75	0
1955	0
1955.25	0
1955.5	0
1955.75	0
1956	0
1956.25	0
1956.5	0
1956.75	0
1957	0.028313559
1957.25	0
1957.5	0
1957.75	0
1958	0
1958.25	0
1958.5	0
1958.75	0
1959	0
1959.25	0
1959.5	0
1959.75	0
1960	0
1960.25	0
1960.5	0
1960.75	0
1961	0
1961.25	0
1961.5	0
1961.75	0
1962	0
1962.25	0
1962.5	0
1962.75	0
1963	0
1963.25	0
1963.5	0
1963.75	0
1964	0
1964.25	0
1964.5	0
1964.75	0
1965	0
1965.25	0
1965.5	0
1965.75	0
1966	0
1966.25	0
1966.5	0.005659446
1966.75	0
1967	0.003350112
1967.25	0
1967.5	0.007688424
1967.75	0
1968	0
1968.25	0
1968.5	0
1968.75	0
1969	0.018992478
1969.25	0.010101783
1969.5	0
1969.75	0
1970	0
1970.25	0
1970.5	0
1970.75	0.020266733
1971	0
1971.25	0
1971.5	0
1971.75	0
1972	0
1972.25	0
1972.5	0
1972.75	0
1973	0
1973.25	0
1973.5	0.063725786
1973.75	0
1974	0.28419571
1974.25	0
1974.5	0
1974.75	0.032936975
1975	0
1975.25	0
1975.5	0
1975.75	0
1976	0.026956499
1976.25	0.001922818
1976.5	0.044304978
1976.75	0
1977	0
1977.25	0
1977.5	0.022037008
1977.75	0
1978	0
1978.25	0
1978.5	0
1978.75	0
1979	0.021723212
1979.25	0.062172945
1979.5	0.133405251
1979.75	0.043778667
1980	0.052115357
1980.25	0.012904837
1980.5	0
1980.75	0
1981	0
1981.25	0
1981.5	0
1981.75	0
1982	0
1982.25	0
1982.5	0
1982.75	0
1983	0
1983.25	0
1983.5	0
1983.75	0
1984	0
1984.25	0
1984.5	0
1984.75	0
1985	0
1985.25	0
1985.5	0
1985.75	0.022462565
1986	0
1986.25	0
1986.5	0
1986.75	0
1987	0
1987.25	0.02375434
1987.5	0.021285025
1987.75	0
1988	0
1988.25	0
1988.5	0
1988.75	0
1989	0.028062293
1989.25	0.026278473
1989.5	0
1989.75	0.00075959
1990	0.023686088
1990.25	0
1990.5	0.132449861
1990.75	0.021412638
1991	0
1991.25	0
1991.5	0
1991.75	0
1992	0
1992.25	0
1992.5	0
1992.75	0
1993	0
1993.25	0
1993.5	0
1993.75	0
1994	0
1994.25	0
1994.5	0.009986973
1994.75	0
1995	0
1995.25	0.003711239
1995.5	0
1995.75	0
1996	0.024102986
1996.25	0.032818234
1996.5	0.005887453
1996.75	0.018906106
1997	0
1997.25	0
1997.5	0
1997.75	0
1998	0
1998.25	0
1998.5	0
1998.75	0
1999	0
1999.25	0.049093451
1999.5	0.096266464
1999.75	0.029375816
2000	0.045451746
2000.25	0.020961755
2000.5	0.020805209
2000.75	0.005077232
2001	0
2001.25	0
2001.5	0
2001.75	0
2002	0
2002.25	0
2002.5	0.025680645
2002.75	0
2003	0.063254952
2003.25	0
2003.5	0
2003.75	0
2004	0.018839512
2004.25	0.03048159
2004.5	0.043899594
2004.75	0.048395964
2005	0.007322211
2005.25	0.011758477
2005.5	0.051044824
2005.75	0
2006	0
2006.25	0.026332688
2006.5	0.015824668
2006.75	0
2007	0
2007.25	0
2007.5	0.02488556
2007.75	0.056239206
];
