
% load data for NEWS shocks constructed by Barsky and Sims
% column 1 = date
% column 2 = data for the quarterly shock

newsshocks_BarskySims=[
1951	NaN
1951.25	NaN
1951.5	NaN
1951.75	NaN
1952	NaN
1952.25	NaN
1952.5	NaN
1952.75	NaN
1953	NaN
1953.25	NaN
1953.5	NaN
1953.75	NaN
1954	NaN
1954.25	NaN
1954.5	NaN
1954.75	NaN
1955	NaN
1955.25	NaN
1955.5	NaN
1955.75	NaN
1956	NaN
1956.25	NaN
1956.5	NaN
1956.75	NaN
1957	NaN
1957.25	NaN
1957.5	NaN
1957.75	NaN
1958	NaN
1958.25	NaN
1958.5	NaN
1958.75	NaN
1959	NaN
1959.25	NaN
1959.5	NaN
1959.75	NaN
1960	NaN
1960.25	NaN
1960.5	NaN
1960.75	NaN
1961	-0.93695
1961.25	0.36254
1961.5	-1.9641
1961.75	-1.3054
1962	0.92474
1962.25	0.0085082
1962.5	1.0898
1962.75	1.6243
1963	-2.1521
1963.25	-0.67935
1963.5	0.29373
1963.75	0.97928
1964	-0.84128
1964.25	0.1946
1964.5	1.2184
1964.75	0.53627
1965	-0.65507
1965.25	0.16666
1965.5	1.9978
1965.75	-0.98333
1966	-1.7527
1966.25	-0.047022
1966.5	-0.32359
1966.75	0.57875
1967	0.043946
1967.25	0.51965
1967.5	0.57596
1967.75	-0.01308
1968	0.091747
1968.25	-1.2014
1968.5	-0.64333
1968.75	1.4601
1969	0.020158
1969.25	-0.59602
1969.5	-1.0922
1969.75	0.60414
1970	0.14119
1970.25	0.4853
1970.5	1.2501
1970.75	-0.29027
1971	-0.10625
1971.25	0.22978
1971.5	1.591
1971.75	-0.22473
1972	1.8206
1972.25	-0.41075
1972.5	0.069401
1972.75	0.37093
1973	-2.0888
1973.25	-1.4031
1973.5	-0.66852
1973.75	-0.47551
1974	-2.0394
1974.25	-0.59943
1974.5	0.56185
1974.75	0.99047
1975	1.8899
1975.25	-0.87589
1975.5	0.69964
1975.75	-0.97686
1976	0.65885
1976.25	1.4601
1976.5	1.9446
1976.75	3.1124
1977	0.08805
1977.25	-1.5878
1977.5	-0.64511
1977.75	-0.86949
1978	0.065835
1978.25	-2.9583
1978.5	-0.026032
1978.75	-0.97551
1979	-0.21181
1979.25	-0.63992
1979.5	-1.6571
1979.75	0.40997
1980	-0.62213
1980.25	0.76869
1980.5	-0.37655
1980.75	-0.44891
1981	0.22967
1981.25	-0.069305
1981.5	-0.90378
1981.75	0.6869
1982	1.6952
1982.25	-1.4606
1982.5	1.0437
1982.75	2.1892
1983	-0.18516
1983.25	0.88245
1983.5	-0.15735
1983.75	0.89882
1984	0.50869
1984.25	-0.062082
1984.5	0.79021
1984.75	0.27331
1985	-0.54181
1985.25	0.62286
1985.5	1.3158
1985.75	0.30531
1986	1.8174
1986.25	0.57346
1986.5	-0.25251
1986.75	0.40968
1987	-1.9968
1987.25	0.2549
1987.5	0.47172
1987.75	-0.21501
1988	0.80568
1988.25	-1.6537
1988.5	1.4825
1988.75	-0.73323
1989	-0.66148
1989.25	-0.91489
1989.5	0.12876
1989.75	0.7213
1990	0.1976
1990.25	-0.16088
1990.5	-1.739
1990.75	-0.88381
1991	1.0344
1991.25	-0.03769
1991.5	-0.41891
1991.75	-1.4808
1992	-0.12077
1992.25	-0.42102
1992.5	0.61503
1992.75	0.94592
1993	-0.35258
1993.25	-1.5742
1993.5	-0.78181
1993.75	-0.15814
1994	0.71829
1994.25	-1.7789
1994.5	-1.1872
1994.75	1.172
1995	-0.91004
1995.25	-0.10011
1995.5	-0.84238
1995.75	0.66332
1996	-0.58228
1996.25	-0.68113
1996.5	0.82886
1996.75	-0.29651
1997	-0.70686
1997.25	0.23698
1997.5	0.59726
1997.75	0.075735
1998	0.4342
1998.25	0.062553
1998.5	1.1009
1998.75	-1.4231
1999	0.97542
1999.25	-0.33953
1999.5	0.17594
1999.75	0.81038
2000	1.9796
2000.25	0.66804
2000.5	0.71567
2000.75	0.066379
2001	-0.93238
2001.25	0.84993
2001.5	0.47271
2001.75	1.2061
2002	0.30268
2002.25	-1.0081
2002.5	-0.3328
2002.75	-0.32071
2003	-0.6848
2003.25	2.3586
2003.5	-1.3055
2003.75	0.38529
2004	-0.24565
2004.25	0.99858
2004.5	0.14595
2004.75	0.61918
2005	-0.84444
2005.25	-0.77429
2005.5	-0.82538
2005.75	0.34836
2006	-2.2469
2006.25	0.19371
2006.5	0.16688
2006.75	1.2098
2007	0.191
2007.25	-1.2077
2007.5	0.34857
2007.75	NaN
];